-1.260769274479999922e+03
-1.260543570490000093e+03
-1.260519099229999938e+03
-1.260564719149999974e+03
-1.260454847749999999e+03
-1.260291530759999887e+03
-1.228472934729999906e+03
-1.228478716690000056e+03
-1.228193723699999964e+03
-1.228241516269999920e+03
-1.228296360439999944e+03
-1.228327330020000090e+03
-1.228154862180000009e+03
-1.228157746679999946e+03
-1.228209033180000006e+03
-1.228343289789999972e+03
-1.228459386060000043e+03
-1.228291870539999991e+03
-1.228335065629999917e+03
-1.228212203979999913e+03
-1.228383572330000106e+03
-1.228473452380000026e+03
-1.228404327490000014e+03
-1.228392256139999972e+03
-1.228167754589999959e+03
-1.228509575000000041e+03
-1.228373312590000069e+03
-1.228338382890000048e+03
-1.228500487940000085e+03
-1.228330490569999938e+03
-1.228278390409999929e+03
-1.228324901610000097e+03
-1.244358775039999955e+03
-1.244423587459999908e+03
-1.244162481320000097e+03
-1.244366411470000003e+03
-1.260564576969999962e+03
-1.260768917460000011e+03
-1.180146978559999980e+03
-1.180138485559999936e+03
-1.180205832829999963e+03
-1.180127702129999989e+03
-1.180131030530000089e+03
-1.180211481999999933e+03
-1.180208774709999943e+03
-1.180210881859999972e+03
-1.180153765640000074e+03
-1.180128806590000067e+03
-1.180144447500000069e+03
-1.180213808310000104e+03
-1.180138670360000106e+03
-1.180129144429999997e+03
-1.180138600150000002e+03
-1.180138208189999887e+03
-1.180135479210000085e+03
-1.180144221450000032e+03
-1.180132853170000089e+03
-1.180139669270000013e+03
-1.180210157779999918e+03
-1.180141872590000048e+03
-1.180225439450000067e+03
-1.180154166069999974e+03
-1.180162375690000090e+03
-1.180212336079999886e+03
-1.180162373809999963e+03
-1.180144498540000086e+03
-1.180157008489999953e+03
-1.180151624300000094e+03
-1.180151125039999897e+03
-1.180137465840000004e+03
-1.180208756579999999e+03
-1.180195868949999976e+03
-1.180134537910000063e+03
-1.180135244130000046e+03
-1.180212370469999996e+03
-1.180134512769999901e+03
-1.180225039879999940e+03
-1.180144717249999985e+03
-2.524237818359999892e+03
-1.244423427769999989e+03
-1.244162302590000081e+03
-1.244366163480000068e+03
-1.244647935680000046e+03
-1.244480350230000113e+03
-1.244290818089999902e+03
-1.244147750370000040e+03
-1.244462248490000093e+03
-1.244405627070000037e+03
-1.244408709410000029e+03
-1.244491914709999946e+03
-1.244358497039999975e+03
-1.244461693980000064e+03
-1.244179467339999974e+03
-1.244248598240000092e+03
-1.244243105479999940e+03
-1.244443003070000032e+03
-1.244416402390000030e+03
-1.244129970480000111e+03
-1.244453703409999889e+03
-1.244428471209999998e+03
-1.244513119550000056e+03
-1.244464505630000076e+03
-1.244438490450000018e+03
-1.244445277779999969e+03
-1.244324827789999972e+03
-1.244290555940000104e+03
-1.244436539549999907e+03
-1.244615800929999978e+03
-1.244345871880000004e+03
-1.244385184640000034e+03
-1.244486410320000005e+03
-1.244478094090000013e+03
-1.244425673680000045e+03
-1.244495760810000093e+03
-1.244453346550000106e+03
-1.244441285039999912e+03
-1.244356623939999963e+03
-1.244358743360000062e+03
-1.212281391429999985e+03
-1.212230423920000021e+03
-1.212154928819999895e+03
-1.212396099929999991e+03
-1.212217155320000074e+03
-1.212110882660000016e+03
-1.212268808699999909e+03
-1.212218481520000068e+03
-1.212317823549999957e+03
-1.212306906190000063e+03
-1.212256642249999913e+03
-1.212373941800000011e+03
-1.212082861990000083e+03
-1.212199358999999959e+03
-1.212319817179999973e+03
-1.212251632449999988e+03
-1.212237489280000091e+03
-1.212219857779999984e+03
-1.212249505040000031e+03
-1.212164383269999917e+03
-1.212213598130000037e+03
-1.212112237649999997e+03
-1.212315707369999927e+03
-1.212326277410000102e+03
-1.212287539960000004e+03
-1.212172686500000054e+03
-1.212268303130000049e+03
-1.212195602430000008e+03
-1.212301336369999945e+03
-1.212320809650000001e+03
-1.212173023640000110e+03
-1.212257386869999891e+03
-1.212243410699999913e+03
-1.212111997879999990e+03
-1.212238466909999943e+03
-1.212116027889999941e+03
-1.212176400690000037e+03
-1.212192067740000084e+03
-1.212340421160000005e+03
-1.212314069259999997e+03
-1.260539479049999954e+03
-1.260484676889999946e+03
-1.260627266850000069e+03
-1.260381692409999914e+03
-1.260609374480000042e+03
-1.260481307530000095e+03
-1.260492257990000098e+03
-1.260644106770000008e+03
-1.260361206009999933e+03
-1.260640246789999992e+03
-1.260737275369999907e+03
-1.260543331710000075e+03
-1.260601361570000108e+03
-1.260414353670000082e+03
-1.260460139340000069e+03
-1.260319774540000026e+03
-1.260639242570000079e+03
-1.260642724289999933e+03
-1.260521083610000005e+03
-1.260509459160000006e+03
-1.260576018199999908e+03
-1.260484643669999969e+03
-1.260485355439999921e+03
-1.260736726589999989e+03
-1.260512346550000075e+03
-1.260539479060000076e+03
-1.260381692420000036e+03
-1.260609374489999936e+03
-1.260481309980000105e+03
-1.260492256609999913e+03
-1.260644106770000008e+03
-1.260361205469999959e+03
-1.260640246789999992e+03
-1.260737275349999891e+03
-1.260543331710000075e+03
-1.260454520219999949e+03
-1.260519054719999986e+03
-1.260291112200000043e+03
-1.260601361400000087e+03
-1.260823922049999965e+03
-1.260649587630000042e+03
-1.260414353670000082e+03
-1.260460139340000069e+03
-1.260319773989999931e+03
-1.260639243650000026e+03
-1.260642724289999933e+03
-1.260521083600000111e+03
-1.260509450819999984e+03
-1.260576018199999908e+03
-1.260484643669999969e+03
-1.260485355569999911e+03
-1.260498763450000069e+03
-1.260546921919999932e+03
-1.260570851899999980e+03
-1.260755840230000103e+03
-1.260542768269999897e+03
-1.228376250920000075e+03
-1.228227599690000034e+03
-1.228350413800000069e+03
-1.228320702360000041e+03
-1.228254026139999951e+03
-1.228281250830000090e+03
-1.228380460330000005e+03
-1.228222062999999935e+03
-1.228325068679999958e+03
-1.228407068750000008e+03
-1.228288253559999930e+03
-1.228065968860000112e+03
-1.228339238400000113e+03
-1.228268391970000039e+03
-1.228472839690000001e+03
-1.228478686619999962e+03
-1.228193228580000095e+03
-1.228241320130000076e+03
-1.228296235230000093e+03
-1.228327047479999919e+03
-1.228154563679999910e+03
-1.228157710480000105e+03
-1.228208717219999926e+03
-1.228342898070000047e+03
-1.228459198069999957e+03
-1.228291652769999928e+03
-1.228335028239999929e+03
-1.228211386519999905e+03
-1.228383362589999933e+03
-1.228473395750000009e+03
-1.228404217580000022e+03
-1.228392142859999922e+03
-1.228167510420000099e+03
-1.228509269160000031e+03
-1.228373080470000104e+03
-1.228338060809999888e+03
-1.228500288810000029e+03
-1.228330348429999958e+03
-1.228278318070000068e+03
-1.228324792579999894e+03
-1.244172049869999910e+03
-1.244320678999999927e+03
-1.244299885720000020e+03
-1.244042023369999924e+03
-1.244025339329999952e+03
-1.244180681549999917e+03
-1.244254256180000084e+03
-1.244397768379999889e+03
-1.244200498129999914e+03
-1.244329573479999908e+03
-1.244177148859999988e+03
-1.243902753000000075e+03
-1.244146019819999992e+03
-1.244439472530000103e+03
-1.244313168780000069e+03
-1.244303155359999892e+03
-1.244008854919999976e+03
-1.244235929700000042e+03
-1.244374713659999998e+03
-1.244047366550000106e+03
-1.244250674449999906e+03
-1.244175804649999918e+03
-1.244385290209999994e+03
-1.244270872450000070e+03
-1.244126408269999956e+03
-1.244247928199999933e+03
-1.244407893759999979e+03
-1.244265026669999997e+03
-1.244297650360000034e+03
-1.244211303329999964e+03
-1.244425612040000033e+03
-1.244239018020000003e+03
-1.244043241419999958e+03
-1.244460549619999938e+03
-1.244243998670000110e+03
-1.244145619509999960e+03
-1.244030769790000022e+03
-1.244329050849999931e+03
-1.244129739709999967e+03
-1.244116297119999899e+03
-1.244242171599999892e+03
-1.244177734370000053e+03
-1.244085816739999927e+03
-1.244386342739999918e+03
-1.244192877879999969e+03
-1.244200828199999933e+03
-1.243822065679999923e+03
-1.244257390759999907e+03
-1.244368439979999948e+03
-1.244266902009999967e+03
-1.244322644029999992e+03
-1.244215430720000086e+03
-1.244283230580000009e+03
-1.244354194629999938e+03
-1.244349596960000099e+03
-1.244168812549999984e+03
-1.244155129459999898e+03
-1.244234417859999894e+03
-1.244192436170000065e+03
-1.244379693589999988e+03
-1.244255882590000056e+03
-1.244260518929999989e+03
-1.244146189399999912e+03
-1.244143656490000012e+03
-1.244264195559999962e+03
-1.244322486349999963e+03
-1.244323706619999939e+03
-1.244203267580000102e+03
-1.244245731770000020e+03
-1.244287850420000041e+03
-1.244256704769999942e+03
-1.244224603789999946e+03
-1.244171585410000034e+03
-1.244136303459999908e+03
-1.244237609969999994e+03
-1.244336523899999975e+03
-1.244158548729999893e+03
-1.244225339759999997e+03
-1.244354942709999932e+03
-1.260351539519999960e+03
-1.260159872460000088e+03
-1.260308677040000020e+03
-1.259995906540000078e+03
-1.260131687929999998e+03
-1.260321087069999976e+03
-1.260037708600000087e+03
-1.260387409810000008e+03
-1.260433129470000040e+03
-1.260498079089999919e+03
-1.260331755800000110e+03
-1.260355965920000017e+03
-1.260552773740000021e+03
-1.260632343629999923e+03
-1.260226445830000102e+03
-1.260127243679999992e+03
-1.260237646640000094e+03
-1.260522949489999974e+03
-1.260336901559999887e+03
-1.260463629889999993e+03
-1.260310656760000029e+03
-1.260322469570000067e+03
-1.260265321090000043e+03
-1.260102428780000082e+03
-1.260317964849999953e+03
-1.260303245979999929e+03
-1.260576717050000070e+03
-1.260259947150000016e+03
-1.260154379289999952e+03
-1.260339176200000111e+03
-1.260128092389999892e+03
-1.260588361930000019e+03
-1.260281956419999915e+03
-1.260283778450000000e+03
-1.260240860139999995e+03
-1.260386743739999929e+03
-1.260329096509999999e+03
-1.260337326979999943e+03
-1.260381548390000034e+03
-1.260260304110000106e+03
-1.259971263149999913e+03
-1.260344021110000085e+03
-1.260132357349999893e+03
-1.260397665680000046e+03
-1.260475625929999978e+03
-1.260439845580000110e+03
-1.260347734590000073e+03
-1.260111090529999956e+03
-1.260212831399999914e+03
-1.260335909780000065e+03
-1.260292548240000087e+03
-1.260346304359999976e+03
-1.260426781910000045e+03
-1.260370843599999944e+03
-1.260266519849999895e+03
-1.260598018590000038e+03
-1.260187185270000100e+03
-1.260433401559999993e+03
-1.260230325140000105e+03
-1.260282453920000080e+03
-1.260329540069999894e+03
-1.260357975570000008e+03
-1.260185341939999944e+03
-1.260404007679999950e+03
-1.260585586480000075e+03
-1.260171437329999890e+03
-1.260071211870000070e+03
-1.260523363949999975e+03
-1.260270790300000044e+03
-1.260337204960000008e+03
-1.260347678730000098e+03
-1.260119388399999934e+03
-1.228246556479999981e+03
-1.228268609210000022e+03
-1.228235916670000051e+03
-1.228249100660000067e+03
-1.228107657609999933e+03
-1.228217831160000060e+03
-1.228074652479999941e+03
-1.228187807779999957e+03
-1.228113878460000024e+03
-1.228318893480000042e+03
-1.228069383250000101e+03
-1.227730740259999948e+03
-1.228312281170000006e+03
-1.228263939740000069e+03
-1.228256279059999997e+03
-1.228223422999999912e+03
-1.228407345189999887e+03
-1.228047532020000062e+03
-1.228192032160000053e+03
-1.228119561909999902e+03
-1.228208804939999936e+03
-1.228062452399999984e+03
-1.228191517250000061e+03
-1.228044712299999901e+03
-1.228140830410000035e+03
-1.228303959679999934e+03
-1.228001943219999930e+03
-1.228121550350000007e+03
-1.228399470639999890e+03
-1.228172762749999947e+03
-1.228310377470000049e+03
-1.228059419539999908e+03
-1.228156280910000078e+03
-1.228122447089999923e+03
-1.228174053230000027e+03
-1.228149433490000092e+03
-1.228206284699999969e+03
-1.228254974380000021e+03
-1.228261500959999921e+03
-1.228322062969999934e+03
-1.228170318019999968e+03
-1.228053184809999948e+03
-1.228252042739999979e+03
-1.228190596500000083e+03
-1.228121513880000066e+03
-1.228167743940000037e+03
-1.228123353839999936e+03
-1.228319738830000006e+03
-1.228094612500000039e+03
-1.227902870769999936e+03
-1.228042686259999982e+03
-1.228143705819999923e+03
-1.228190223309999965e+03
-1.228061158310000110e+03
-1.228171435389999942e+03
-1.228047280219999948e+03
-1.228097187679999934e+03
-1.228124356730000045e+03
-1.227991950079999924e+03
-1.228175215810000054e+03
-1.227934624290000102e+03
-1.228158900390000099e+03
-1.228235055789999933e+03
-1.228245155950000026e+03
-1.228142260789999909e+03
-1.228118208520000053e+03
-1.228259227069999952e+03
-1.228227629470000011e+03
-1.227994612839999945e+03
-1.228306691940000064e+03
-1.228188422700000046e+03
-1.228185344470000018e+03
-1.228203115779999962e+03
-1.228116533299999901e+03
-1.228079617509999935e+03
-1.228350557689999960e+03
-1.228178824489999897e+03
-1.228097157870000046e+03
-1.228265582960000074e+03
-1.228160555599999952e+03
-1.228023279190000039e+03
-1.228039357740000014e+03
-1.212040448749999996e+03
-1.212154654129999926e+03
-1.211947802070000080e+03
-1.212016212629999927e+03
-1.212249086949999992e+03
-1.212170269729999973e+03
-1.212030479159999913e+03
-1.212041996980000022e+03
-1.212025921319999952e+03
-1.212193968340000083e+03
-1.211984005969999998e+03
-1.212030711590000010e+03
-1.211972383779999973e+03
-1.212131974709999895e+03
-1.212170770369999900e+03
-1.212126530150000008e+03
-1.212153227159999915e+03
-1.212117762410000068e+03
-1.212191903870000033e+03
-1.212246740369999998e+03
-1.212104764709999927e+03
-1.212126465970000027e+03
-1.212178012029999991e+03
-1.212060225689999925e+03
-1.211914098550000062e+03
-1.212236945639999931e+03
-1.212081481279999934e+03
-1.212144147920000023e+03
-1.212246448260000079e+03
-1.212077053980000073e+03
-1.211994127220000109e+03
-1.212127020729999913e+03
-1.212239846539999917e+03
-1.212121694989999924e+03
-1.212215604340000027e+03
-1.212119979349999994e+03
-1.212057571349999989e+03
-1.212143663249999918e+03
-1.212182977749999964e+03
-1.212169524249999995e+03
-1.211991129940000064e+03
-1.211995886639999981e+03
-1.212212714969999979e+03
-1.212113131309999972e+03
-1.212073027310000043e+03
-1.212258826929999941e+03
-1.212036947920000102e+03
-1.212147374330000048e+03
-1.212048047150000002e+03
-1.212189111019999928e+03
-1.211988105290000021e+03
-1.212143902029999936e+03
-1.212185669680000046e+03
-1.212017454060000091e+03
-1.212152219300000070e+03
-1.212276672980000058e+03
-1.212121682499999906e+03
-1.212030503760000101e+03
-1.212094180820000020e+03
-1.212159915250000040e+03
-1.212061188979999997e+03
-1.212147087509999892e+03
-1.212252992109999923e+03
-1.212214603039999929e+03
-1.212191606509999929e+03
-1.212099154450000015e+03
-1.212189415589999953e+03
-1.212075170820000039e+03
-1.212169986569999992e+03
-1.212067700730000070e+03
-1.212005267999999887e+03
-1.212112707060000048e+03
-1.212210532139999941e+03
-1.212071992019999925e+03
-1.212023560500000031e+03
-1.212136069099999986e+03
-1.212139567740000075e+03
-1.212171835180000016e+03
-1.212114517250000063e+03
-1.212185547660000111e+03
-1.212131504870000072e+03
-1.212154785149999952e+03
-1.212055078930000036e+03
-1.212176692770000045e+03
-1.212147948860000042e+03
-1.212067263220000086e+03
-1.212139426080000021e+03
-1.211976788380000016e+03
-1.212112190900000087e+03
-1.212170093640000005e+03
-1.212228599260000010e+03
-1.180064259120000088e+03
-1.180078144419999944e+03
-1.180048947450000014e+03
-1.180072929810000005e+03
-1.180062556809999933e+03
-1.180084946649999893e+03
-1.180094056890000047e+03
-1.180083370410000043e+03
-1.180129241350000029e+03
-1.180086558909999894e+03
-1.180092101080000020e+03
-1.180209588799999892e+03
-1.180130405780000046e+03
-1.180104114440000103e+03
-1.180071402089999992e+03
-1.180089897900000096e+03
-1.180093413269999928e+03
-1.180092540139999983e+03
-1.180075170930000013e+03
-1.180062736090000044e+03
-1.180094435019999992e+03
-1.180112935890000017e+03
-1.180055468190000056e+03
-1.180121065540000018e+03
-1.180092784230000007e+03
-1.180153062979999959e+03
-1.180072069410000040e+03
-1.180067177160000028e+03
-1.180094724849999920e+03
-1.180145041530000071e+03
-1.180095729440000014e+03
-1.180092011899999989e+03
-1.180105543339999940e+03
-1.180158365589999903e+03
-1.180083254709999892e+03
-1.180047108369999933e+03
-1.180073149309999962e+03
-1.180081917320000002e+03
-1.180085205000000087e+03
-1.180145190339999999e+03
-1.180075820569999905e+03
-1.180143389020000086e+03
-1.180089694710000003e+03
-1.180214343269999972e+03
-1.180086983429999918e+03
-1.180100464050000028e+03
-1.180057169539999904e+03
-1.180149105030000101e+03
-1.180060604259999991e+03
-1.180160713420000093e+03
-1.180066095099999984e+03
-1.180150691569999935e+03
-1.180082880850000038e+03
-1.180065128519999917e+03
-1.180096617890000061e+03
-1.180161464340000066e+03
-1.180082348959999990e+03
-1.180091778100000056e+03
-1.180070892219999905e+03
-1.180070738679999977e+03
-1.180060076170000002e+03
-1.180082481010000038e+03
-1.180087346690000004e+03
-1.180140594429999965e+03
-1.180118378140000004e+03
-1.180071803229999887e+03
-1.180095180069999969e+03
-1.180069074709999995e+03
-1.180077801740000041e+03
-1.180090779229999953e+03
-1.180142243880000024e+03
-1.180087690759999987e+03
-1.180118179249999912e+03
-1.180069187399999919e+03
-1.180087671430000000e+03
-1.180092451830000073e+03
-1.180087321909999901e+03
-1.180143829020000112e+03
-1.180095616079999900e+03
-1.180075601960000085e+03
-1.180143089160000045e+03
-1.180086420910000015e+03
-1.180099387310000111e+03
-1.180086371529999951e+03
-1.180076416260000087e+03
-1.180079461210000090e+03
-1.180123209150000093e+03
-1.180094535380000025e+03
-1.180151809449999973e+03
-1.180095593089999966e+03
-1.180148033859999941e+03
-1.180082120060000079e+03
-1.180125464100000045e+03
-1.180079579530000046e+03
-1.180051536270000042e+03
-1.180095589730000029e+03
-1.180148763319999944e+03
-1.180064430299999913e+03
-1.180079685270000027e+03
-1.180153597329999911e+03
-1.196052057090000062e+03
-1.196226948949999951e+03
-1.196098423390000107e+03
-1.196132620670000051e+03
-1.195963386579999906e+03
-1.196087872040000093e+03
-1.196076131380000106e+03
-1.196041300099999944e+03
-1.196192531740000049e+03
-1.196243072550000079e+03
-1.196088605550000011e+03
-1.195991926980000017e+03
-1.196135323299999982e+03
-1.196099908619999951e+03
-1.196167480320000095e+03
-1.196022393810000040e+03
-1.196138919980000082e+03
-1.196135553009999967e+03
-1.196218600129999913e+03
-1.196235396499999979e+03
-1.195994367750000038e+03
-1.196141750530000081e+03
-1.196113054539999894e+03
-1.196126586300000099e+03
-1.196071201069999915e+03
-1.196102092359999915e+03
-1.196030498029999990e+03
-1.196153460620000033e+03
-1.196035127000000102e+03
-1.196086988479999945e+03
-1.196117970779999951e+03
-1.196199494440000080e+03
-1.196033100410000088e+03
-1.196241651000000047e+03
-1.196162917050000033e+03
-1.196131274780000012e+03
-1.196197993989999986e+03
-1.196110428519999914e+03
-1.196084060409999893e+03
-1.196102875609999955e+03
-1.196045126380000056e+03
-1.196130430220000108e+03
-1.196023572869999953e+03
-1.196104047430000037e+03
-1.196108073330000025e+03
-1.196014934479999965e+03
-1.196029183079999939e+03
-1.196109502649999968e+03
-1.196047361559999899e+03
-1.196086268750000045e+03
-1.196148623230000112e+03
-1.196013761619999968e+03
-1.196183786860000055e+03
-1.196036612769999920e+03
-1.195995456760000025e+03
-1.196050979710000092e+03
-1.196037112870000101e+03
-1.196023741740000105e+03
-1.196164512739999964e+03
-1.196097125029999916e+03
-1.196075131249999913e+03
-1.196124678919999951e+03
-1.196169547539999940e+03
-1.196104757119999931e+03
-1.196119476110000051e+03
-1.196085414720000017e+03
-1.196101970590000064e+03
-1.196046563299999889e+03
-1.196119050689999995e+03
-1.195999383139999964e+03
-1.196099794759999895e+03
-1.196137869359999968e+03
-1.196091081519999989e+03
-1.196037403289999929e+03
-1.196144518289999951e+03
-1.196162911169999916e+03
-1.196019566780000105e+03
-1.196047634150000022e+03
-1.196071961099999953e+03
-1.196141163510000069e+03
-1.196119868179999912e+03
-1.196099980619999997e+03
-1.196120271819999971e+03
-1.196153632020000032e+03
-1.196048787449999963e+03
-1.196028497470000048e+03
-1.196087141830000064e+03
-1.196167027740000094e+03
-1.196023993040000050e+03
-1.196106196709999949e+03
-1.196163876000000073e+03
-1.196111484969999992e+03
-1.196127155950000088e+03
-1.196092980870000019e+03
-1.196033105049999904e+03
-1.196014182699999992e+03
-1.196146503919999986e+03
-1.196127576679999947e+03
-1.276307954599999903e+03
-1.276222728539999935e+03
-1.276417052700000113e+03
-1.276377757140000085e+03
-1.276519195600000103e+03
-1.276248288680000087e+03
-1.276539919659999896e+03
-1.276383170090000021e+03
-1.276248276060000080e+03
-1.276470943340000076e+03
-1.276252442859999974e+03
-1.276337726729999986e+03
-1.276458563950000098e+03
-1.276346401329999935e+03
-1.276377302840000084e+03
-1.276342697649999991e+03
-1.276478204869999900e+03
-1.276306388109999943e+03
-1.276306291280000096e+03
-1.276371015429999943e+03
-1.276436518689999957e+03
-1.276557232359999944e+03
-1.276452996949999942e+03
-1.276438813349999919e+03
-1.276305914819999998e+03
-1.276532063930000049e+03
-1.276477024920000076e+03
-1.276504584519999980e+03
-1.276318554839999933e+03
-1.276471109130000059e+03
-1.276478077409999969e+03
-1.276421625929999891e+03
-1.276419903759999897e+03
-1.276527709360000017e+03
-1.276197570649999989e+03
-1.276482717070000035e+03
-1.276407496080000101e+03
-1.276271356420000075e+03
-1.276275651389999894e+03
-1.276591714610000054e+03
-1.276366163169999936e+03
-1.276147933190000003e+03
-1.276631457680000040e+03
-1.276426447430000053e+03
-1.276291980310000099e+03
-1.276221480680000013e+03
-1.276252227830000038e+03
-1.276068835119999903e+03
-1.276397414459999936e+03
-1.276399340919999986e+03
-1.276218038689999958e+03
-1.276417660040000101e+03
-1.276458907590000081e+03
-1.276438418369999908e+03
-1.276506928410000000e+03
-1.276582419430000073e+03
-1.276349976310000102e+03
-1.276211347570000044e+03
-1.276393701960000044e+03
-1.276407550399999991e+03
-1.276495951670000068e+03
-1.276306981389999919e+03
-1.276438831409999921e+03
-1.276625169270000015e+03
-1.276275252140000021e+03
-1.276544201810000004e+03
-1.276421391979999953e+03
-1.276636018680000006e+03
-1.276481617830000005e+03
-1.276610572540000021e+03
-1.276280308240000068e+03
-1.276190976589999991e+03
-1.276271933629999921e+03
-1.276475910319999912e+03
-1.276160455859999956e+03
-1.276550627209999902e+03
-1.276503299409999954e+03
-1.276623053600000048e+03
-1.276548424139999952e+03
-1.276545196399999895e+03
-1.276290998830000035e+03
-1.276514663420000034e+03
-1.276490133269999887e+03
-1.276234198999999990e+03
-1.276464380469999924e+03
-1.276369095499999958e+03
-1.276638695220000045e+03
-1.276610438310000063e+03
-1.276370413769999914e+03
-1.164109114970000064e+03
-1.180089554209999960e+03
-1.180089554540000108e+03
-1.180072747230000004e+03
-1.180088705469999923e+03
-1.180143986649999988e+03
-1.180078010559999939e+03
-1.196074231779999991e+03
-1.196078717650000044e+03
-1.196047904600000038e+03
-1.196083650960000114e+03
-1.196106758559999889e+03
-1.196085309099999904e+03
-1.196222321989999955e+03
-1.196221532790000083e+03
-1.196212080459999925e+03
-1.196228910569999925e+03
-1.196200999890000048e+03
-1.196221984510000084e+03
-1.196223606369999970e+03
-1.196216361660000075e+03
-1.212140500019999990e+03
-1.212166694329999928e+03
-1.212114942160000055e+03
-1.212134660080000003e+03
-1.212194507089999888e+03
-1.212281657510000059e+03
-1.212199591520000013e+03
-1.212252592210000103e+03
-1.212000803740000038e+03
-1.212200232850000020e+03
-1.212128897979999920e+03
-1.212253336409999974e+03
-1.212096516540000039e+03
-1.212054341849999901e+03
-1.212143546020000031e+03
-1.211940908730000046e+03
-1.212104958910000050e+03
-1.212190524740000001e+03
-1.227944065370000089e+03
-1.228043640970000070e+03
-1.228105509750000010e+03
-1.228262333079999962e+03
-1.228226885580000044e+03
-1.228079543770000100e+03
-1.228178668060000064e+03
-1.228144449990000112e+03
-1.228021939510000038e+03
-1.228283921579999969e+03
-1.228101664730000039e+03
-1.228081385109999928e+03
-1.228175248450000026e+03
-1.228230090810000092e+03
-1.227965207330000112e+03
-1.228298982869999918e+03
-1.228324147399999902e+03
-1.228087461730000086e+03
-1.228152227199999970e+03
-1.228189624209999920e+03
-1.228146512600000051e+03
-1.228123754810000037e+03
-1.228186561120000079e+03
-1.228225320660000079e+03
-1.228117799869999999e+03
-1.228073925680000002e+03
-1.227964890550000064e+03
-1.228323784930000102e+03
-1.228109243860000106e+03
-1.228239085660000001e+03
-1.228396156419999897e+03
-1.228088838379999970e+03
-1.228085288290000108e+03
-1.227904587179999908e+03
-1.228167620070000112e+03
-1.228095498319999933e+03
-1.228202210509999986e+03
-1.228189131730000099e+03
-1.228229055199999948e+03
-1.228210654149999982e+03
-1.228058330780000006e+03
-1.228145667270000104e+03
-1.228155303530000083e+03
-1.228216624550000006e+03
-1.228174066889999949e+03
-1.180078974770000059e+03
-1.180134515740000097e+03
-1.180121402129999979e+03
-1.180181847860000062e+03
-1.180142284569999902e+03
-1.180085219520000010e+03
-1.180078309730000001e+03
-1.180081824460000007e+03
-1.180083193299999948e+03
-1.180119042410000020e+03
-1.180131341450000036e+03
-1.180124545509999962e+03
-1.180110032510000110e+03
-1.180079033649999928e+03
-1.180126774419999947e+03
-1.180082689999999957e+03
-1.180092345960000102e+03
-1.180085595080000076e+03
-1.180088229499999898e+03
-1.180078778739999962e+03
-1.180120210170000064e+03
-1.180149849820000099e+03
-1.180110817980000093e+03
-1.180083446489999915e+03
-1.180120019290000073e+03
-1.180150507220000009e+03
-1.180088450109999940e+03
-1.180074570199999926e+03
-1.180078335480000078e+03
-1.180150588550000066e+03
-1.180086810660000083e+03
-1.180087822140000071e+03
-1.180147991320000074e+03
-1.180135918330000095e+03
-1.180079573120000077e+03
-1.180122192710000036e+03
-1.180074009310000065e+03
-1.180087132899999915e+03
-1.180074524399999973e+03
-1.180063687110000046e+03
-1.180071052869999903e+03
-1.180044307410000101e+03
-1.180135093950000055e+03
-1.180112510989999919e+03
-1.180083943880000106e+03
-1.180068624129999989e+03
-1.180139813199999935e+03
-1.180101072769999973e+03
-1.180100784960000055e+03
-1.180091709430000037e+03
-1.180054009720000067e+03
-1.196064385749999929e+03
-1.196150451859999976e+03
-1.196178365210000038e+03
-1.196030561810000108e+03
-1.196091163779999988e+03
-1.196077621859999908e+03
-1.196086566599999969e+03
-1.196058966719999944e+03
-1.196068799449999915e+03
-1.196133526560000064e+03
-1.196097930899999938e+03
-1.196160604819999890e+03
-1.196054952700000058e+03
-1.196065951340000083e+03
-1.196120301639999980e+03
-1.196095371999999998e+03
-1.196079221660000030e+03
-1.196091481039999962e+03
-1.196008129269999927e+03
-1.196153431330000103e+03
-1.196103315450000082e+03
-1.196098334130000012e+03
-1.196059293829999888e+03
-1.196193224930000042e+03
-1.196032622389999915e+03
-1.196089394430000084e+03
-1.196123907870000039e+03
-1.196102351960000078e+03
-1.196114579690000028e+03
-1.196049747479999951e+03
-1.196128493700000035e+03
-1.196149020880000080e+03
-1.195992608849999897e+03
-1.196136958490000097e+03
-1.196066925970000057e+03
-1.196080747850000080e+03
-1.196140808699999980e+03
-1.196066797859999951e+03
-1.196111585509999941e+03
-1.196096959319999996e+03
-1.196105827350000027e+03
-1.196054977940000072e+03
-1.196118059420000009e+03
-1.196176481570000078e+03
-1.196094115489999922e+03
-1.196113311090000025e+03
-1.196092509620000101e+03
-1.196090095860000019e+03
-1.212142691309999918e+03
-1.212107337800000096e+03
-1.212153708379999898e+03
-1.212090681650000079e+03
-1.212132175449999977e+03
-1.212054824390000022e+03
-1.212149836589999950e+03
-1.212146996270000045e+03
-1.211958871849999923e+03
-1.212120754410000018e+03
-1.212088460919999989e+03
-1.212234659180000108e+03
-1.212141353600000002e+03
-1.212233638590000055e+03
-1.212109012249999978e+03
-1.212231955100000050e+03
-1.212131819440000072e+03
-1.212228275290000056e+03
-1.212260633260000077e+03
-1.212026313020000089e+03
-1.212130950429999984e+03
-1.212241259760000048e+03
-1.212135684079999919e+03
-1.212054183060000014e+03
-1.212196680940000078e+03
-1.212104481600000099e+03
-1.212086296769999990e+03
-1.212096866099999943e+03
-1.211971814550000090e+03
-1.212095731670000077e+03
-1.212081810050000058e+03
-1.212245153659999914e+03
-1.212226738730000079e+03
-1.211967790220000097e+03
-1.212072504570000092e+03
-1.212120000939999954e+03
-1.212107812770000010e+03
-1.212175979639999923e+03
-1.212217133580000109e+03
-1.211878115080000043e+03
